[10, 17, ],
[11, 18, 16, ],
[12, 19, 17, 8, ],
[13, 20, 18, 9, ],
[14, 21, 19, 10, ],
[15, 22, 20, 11, ],
[23, 21, 12, ],
[22, 13, ],
[2, 18, 25, ],
[3, 19, 26, 24, ],
[4, 20, 27, 25, 16, 0, ],
[5, 21, 28, 26, 17, 1, ],
[6, 22, 29, 27, 18, 2, ],
[7, 23, 30, 28, 19, 3, ],
[31, 29, 20, 4, ],
[30, 21, 5, ],
[1, 10, 26, 33, ],
[2, 11, 27, 34, 32, 0, ],
[3, 12, 28, 35, 33, 24, 8, 1, ],
[4, 13, 29, 36, 34, 25, 9, 2, ],
[5, 14, 30, 37, 35, 26, 10, 3, ],
[6, 15, 31, 38, 36, 27, 11, 4, ],
[7, 39, 37, 28, 12, 5, ],
[38, 29, 13, 6, ],
[9, 18, 34, 41, ],
[10, 19, 35, 42, 40, 8, ],
[11, 20, 36, 43, 41, 32, 16, 9, ],
[12, 21, 37, 44, 42, 33, 17, 10, ],
[13, 22, 38, 45, 43, 34, 18, 11, ],
[14, 23, 39, 46, 44, 35, 19, 12, ],
[15, 47, 45, 36, 20, 13, ],
[46, 37, 21, 14, ],
[17, 26, 42, 49, ],
[18, 27, 43, 50, 48, 16, ],
[19, 28, 44, 51, 49, 40, 24, 17, ],
[20, 29, 45, 52, 50, 41, 25, 18, ],
[21, 30, 46, 53, 51, 42, 26, 19, ],
[22, 31, 47, 54, 52, 43, 27, 20, ],
[23, 55, 53, 44, 28, 21, ],
[54, 45, 29, 22, ],
[25, 34, 50, 57, ],
[26, 35, 51, 58, 56, 24, ],
[27, 36, 52, 59, 57, 48, 32, 25, ],
[28, 37, 53, 60, 58, 49, 33, 26, ],
[29, 38, 54, 61, 59, 50, 34, 27, ],
[30, 39, 55, 62, 60, 51, 35, 28, ],
[31, 63, 61, 52, 36, 29, ],
[62, 53, 37, 30, ],
[33, 42, 58, ],
[34, 43, 59, 32, ],
[35, 44, 60, 56, 40, 33, ],
[36, 45, 61, 57, 41, 34, ],
[37, 46, 62, 58, 42, 35, ],
[38, 47, 63, 59, 43, 36, ],
[39, 60, 44, 37, ],
[61, 45, 38, ],
[41, 50, ],
[42, 51, 40, ],
[43, 52, 48, 41, ],
[44, 53, 49, 42, ],
[45, 54, 50, 43, ],
[46, 55, 51, 44, ],
[47, 52, 45, ],
[53, 46, ],
